% 
%25-C101
% cus.xc = [45,45,42,42,42,40,40,38,38,35,35,25,22,22,20,20,18,15,15,30,30,28,28,25,25];%x坐标
% cus.yc = [68,70,66,68,65,69,66,68,70,66,69,85,75,85,80,85,75,75,80,50,52,52,55,50,52];%y坐标
% cus.u= [10,30,10,10,10,20,20,20,10,10,10,20,30,10,40,40,20,20,10,10,20,20,10,10,40]; %初始需求miu
% cus.earlyt= [912,825,65,727,15,621,170,255,534,357,448,652,30,567,384,475,99,179,278,10,914,812,732,65,169]; %最早开始时间
% cus.latet = [967,870,146,782,67,702,225,324,605,410,505,721,92,620,429,528,148,254,345,73,965,883,777,144,224]; %最晚开始时间
% cus.servicet =[90,90,90,90,90,90,90,90,90,90,90,90,90,90,90,90,90,90,90,90,90,90,90,90,90];%服务时间
%25-C201
% cus.xc = [52,45,62,60,42,16,58,34,28,35,35,25,22,22,20,20,18,15,15,30,30,28,14,25,22];%x坐标
% cus.yc = [75,70,69,66,65,42,70,60,70,66,69,85,75,85,80,85,75,75,80,50,56,52,66,50,66];%y坐标
% cus.u= [10,30,10,10,10,20,20,20,10,10,10,20,30,10,40,40,20,20,10,10,20,20,10,10,40]; %初始需求miu
% cus.earlyt= [311,213,1167,1261,25,497,1073,2887,2601,2791,2698,2119,2405,2026,2216,1934,2311,1742,1837,10,2983,22,1643,116,2504]; %最早开始时间
% cus.latet = [471,373,1327,1421,185,657,1233,3047,2761,2951,2858,2279,2565,2186,2376,2094,2471,1902,1997,170,3143,182,1803,276,2664]; %最晚开始时间
% cus.servicet =[90,90,90,90,90,90,90,90,90,90,90,90,90,90,90,90,90,90,90,90,90,90,90,90,90];%服务时间
%25-R101----------注意C和R和RC的仓库位置不一样-------邻域大小也不太一样
cus.xc = [41,35,55,55,15,25,20,10,55,30,20,50,30,15,30,10,5,20,15,45,45,45,55,65,65];%x坐标
cus.yc = [49,17,45,20,30,30,50,43,60,60,65,35,25,10,5,20,30,40,60,65,20,10,5,35,20];%y坐标
cus.u= [10,7,13,19,26,3,5,9,16,16,12,19,23,20,8,19,2,12,17,9,11,18,29,3,6]; %初始需求miu
cus.earlyt= [161,50,116,149,34,99,81,95,97,124,67,63,159,32,61,75,157,87,76,126,62,97,68,153,172]; %最早开始时间
cus.latet = [171,60,126,159,44,109,91,105,107,134,77,73,169,42,71,85,167,97,86,136,72,107,78,163,182]; %最晚开始时间
cus.servicet =[10,10,10,10,10,10,10,10,10,10,10,10,10,10,10,10,10,10,10,10,10,10,10,10,10];%服务时间
% %25-R201
% cus.xc = [41,35,55,55,15,25,20,10,55,30,20,50,30,15,30,10,5,20,15,45,45,45,55,65,65];%x坐标
% cus.yc = [49,17,45,20,30,30,50,43,60,60,65,35,25,10,5,20,30,40,60,65,20,10,5,35,20];%y坐标
% cus.u= [10,7,13,19,26,3,5,9,16,16,12,19,23,20,8,19,2,12,17,9,11,18,29,3,6]; %初始需求miu
% cus.earlyt= [707,143,527,678,34,415,331,404,400,577,206,228,690,32,175,272,733,377,269,581,214,409,206,704,817]; %最早开始时间
% cus.latet = [848,282,584,801,209,514,410,481,497,632,325,345,827,243,300,373,870,434,378,666,331,494,325,847,956]; %最晚开始时间
% cus.servicet =[10,10,10,10,10,10,10,10,10,10,10,10,10,10,10,10,10,10,10,10,10,10,10,10,10];%服务时间
%25-RC101
% cus.xc = [25,22,22,20,20,18,15,15,10,10,8,8,5,5,2,0,0,44,42,42,40,40,38,38,35];%x坐标
% cus.yc = [85,75,85,80,85,75,75,80,35,40,40,45,35,45,40,40,45,5,10,15,5,15,5,15,5];%y坐标
% cus.u= [20,30,10,40,20,20,20,10,20,30,40,20,10,10,20,20,20,20,40,10,10,40,30,10,20]; %初始需求miu
% cus.earlyt= [145,50,109,141,41,95,79,91,91,119,59,64,142,35,58,72,149,87,72,122,67,92,65,148,154]; %最早开始时间
% cus.latet = [175,80,139,171,71,125,109,121,121,149,89,94,172,65,88,102,179,117,102,152,97,122,95,178,184]; %最晚开始时间
% cus.servicet =[10,10,10,10,10,10,10,10,10,10,10,10,10,10,10,10,10,10,10,10,10,10,10,10,10];%服务时间
% %25-RC201
% cus.xc = [25,22,22,20,20,18,15,15,10,10,8,8,5,5,2,0,0,44,42,42,40,40,38,38,35];%x坐标
% cus.yc = [85,75,85,80,85,75,75,80,35,40,40,45,35,45,40,40,45,5,10,15,5,15,5,15,5];%y坐标
% cus.u= [20,30,10,40,20,20,20,10,20,30,40,20,10,10,20,20,20,20,40,10,10,40,30,10,20]; %初始需求miu
% cus.earlyt= [673,152,471,644,73,388,300,367,371,519,195,223,653,35,174,255,703,335,254,537,215,375,201,681,784]; %最早开始时间
% cus.latet = [793,272,591,764,193,508,420,487,491,639,315,343,773,155,294,375,823,455,374,657,335,495,321,801,904]; %最晚开始时间
% cus.servicet =[10,10,10,10,10,10,10,10,10,10,10,10,10,10,10,10,10,10,10,10,10,10,10,10,10];%服务时间
% %50-C101
% cus.xc = [45,45,42,42,42,40,40,38,38,35,35,25,22,22,20,20,18,15,15,30,30,28,28,25,25,25,23,23,20,20,10,10,8,8,5,5,2,0,0,35,35,33,33,32,30,30,30,28,28,26];%x坐标
% cus.yc = [68,70,66,68,65,69,66,68,70,66,69,85,75,85,80,85,75,75,80,50,52,52,55,50,52,55,52,55,50,55,35,40,40,45,35,45,40,40,45,30,32,32,35,30,30,32,35,30,35,32];%y坐标
% cus.u= [10,30,10,10,10,20,20,20,10,10,10,20,30,10,40,40,20,20,10,10,20,20,10,10,40,10,10,20,10,10,20,30,40,20,10,10,20,30,20,10,10,20,10,10,10,30,10,10,10,10]; %初始需求miu
% cus.earlyt= [912,825,65,727,15,621,170,255,534,357,448,652,30,567,384,475,99,179,278,10,914,812,732,65,169,622,261,546,358,449,200,31,87,751,283,665,383,479,567,264,166,68,16,359,541,448,1054,632,1001,815]; %最早开始时间
% cus.latet = [967,870,146,782,67,702,225,324,605,410,505,721,92,620,429,528,148,254,345,73,965,883,777,144,224,701,316,593,405,504,237,100,158,816,344,716,434,522,624,321,235,149,80,412,600,509,1127,693,1066,880]; %最晚开始时间
% cus.servicet =[90,90,90,90,90,90,90,90,90,90,90,90,90,90,90,90,90,90,90,90,90,90,90,90,90,90,90,90,90,90,90,90,90,90,90,90,90,90,90,90,90,90,90,90,90,90,90,90,90,90];%服务时间
% %50-C201
% cus.xc = [52,45,62,60,42,16,58,34,28,35,35,25,22,22,20,20,18,15,15,30,30,28,14,25,22,8,23,4,20,20,10,10,8,8,5,5,2,0,0,36,35,33,33,32,30,34,30,36,48,26];%x坐标
% cus.yc = [75,70,69,66,65,42,70,60,70,66,69,85,75,85,80,85,75,75,80,50,56,52,66,50,66,62,52,55,50,55,35,40,40,45,35,45,40,40,45,18,32,32,35,20,30,25,35,40,20,32];%y坐标
% cus.u= [10,30,10,10,10,20,20,20,10,10,10,20,30,10,40,40,20,20,10,10,20,20,10,10,40,10,10,20,10,10,20,30,40,20,10,10,20,30,20,10,10,20,10,10,10,30,10,10,10,10]; %初始需求miu
% cus.earlyt= [311,213,1167,1261,25,497,1073,2887,2601,2791,2698,2119,2405,2026,2216,1934,2311,1742,1837,10,2983,22,1643,116,2504,1545,209,1447,398,303,781,593,685,1346,876,1253,971,1063,1158,1819,2758,2666,2573,1913,105,2009,2480,2856,967,2292]; %最早开始时间
% cus.latet = [471,373,1327,1421,185,657,1233,3047,2761,2951,2858,2279,2565,2186,2376,2094,2471,1902,1997,170,3143,182,1803,276,2664,1705,369,1607,558,463,941,753,845,1506,1036,1413,1131,1223,1318,1979,2918,2826,2733,2073,2265,2169,2640,3016,1127,2452]; %最晚开始时间
% cus.servicet =[90,90,90,90,90,90,90,90,90,90,90,90,90,90,90,90,90,90,90,90,90,90,90,90,90,90,90,90,90,90,90,90,90,90,90,90,90,90,90,90,90,90,90,90,90,90,90,90,90,90];%服务时间
% %50-R101
% cus.xc = [41,35,55,55,15,25,20,10,55,30,20,50,30,15,30,10,5,20,15,45,45,45,55,65,65,45,35,41,64,40,31,35,53,65,63,2,20,5,60,40,42,24,23,11,6,2,8,13,6,47];%x坐标
% cus.yc = [49,17,45,20,30,30,50,43,60,60,65,35,25,10,5,20,30,40,60,65,20,10,5,35,20,30,40,37,42,0,52,69,52,55,65,60,20,5,12,25,7,12,3,14,38,48,56,52,68,47];%y坐标
% cus.u= [10,7,13,19,26,3,5,9,16,16,12,19,23,20,8,19,2,12,17,9,11,18,29,3,6,17,16,16,9,21,27,23,11,14,8,5,8,16,31,9,5,5,7,18,16,1,27,36,30,13]; %初始需求miu
% cus.earlyt= [161,50,116,149,34,99,81,95,97,124,67,63,159,32,61,75,157,87,76,126,62,97,68,153,172,132,37,39,63,71,50,141,37,117,143,41,134,83,44,85,97,31,132,69,32,117,51,165,108,124]; %最早开始时间
% cus.latet = [171,60,126,159,44,109,91,105,107,134,77,73,169,42,71,85,167,97,86,136,72,107,78,163,182,142,47,49,73,81,60,151,47,127,153,51,144,93,54,95,107,41,142,79,42,127,61,175,118,134]; %最晚开始时间
% cus.servicet =[10,10,10,10,10,10,10,10,10,10,10,10,10,10,10,10,10,10,10,10,10,10,10,10,10,10,10,10,10,10,10,10,10,10,10,10,10,10,10,10,10,10,10,10,10,10,10,10,10,10];%服务时间
% %50-R201
% cus.xc = [41,35,55,55,15,25,20,10,55,30,20,50,30,15,30,10,5,20,15,45,45,45,55,65,65,45,35,41,64,40,31,35,53,65,63,2,20,5,60,40,42,24,23,11,6,2,8,13,6,47];%x坐标
% cus.yc = [49,17,45,20,30,30,50,43,60,60,65,35,25,10,5,20,30,40,60,65,20,10,5,35,20,30,40,37,42,0,52,69,52,55,65,60,20,5,12,25,7,12,3,14,38,48,56,52,68,47];%y坐标
% cus.u= [10,7,13,19,26,3,5,9,16,16,12,19,23,20,8,19,2,12,17,9,11,18,29,3,6,17,16,16,9,21,27,23,11,14,8,5,8,16,31,9,5,5,7,18,16,1,27,36,30,13]; %初始需求miu
% cus.earlyt= [707,143,527,678,34,415,331,404,400,577,206,228,690,32,175,272,733,377,269,581,214,409,206,704,817,588,104,114,190,259,152,660,45,529,686,41,606,302,33,360,396,25,620,233,29,515,85,773,501,547]; %最早开始时间
